   9232  354
   4372  28
   2752  19
    808  16
    304  14
    160  13
    952  13
     52  12
   1672  11
   1024  11
    628  11
   2248  10
    592  9
    916  9
  39364  9
    520  8
    196  8
    736  8
     88  8
   4192  7
   1600  7
  13120  7
   3616  6
   1384  6
    232  6
   2896  6
    340  6
   1492  6
    448  6
     16  6
   3076  5
   3220  5
   2968  5
   1888  5
   4264  4
   8080  4
   1816  4
   2536  4
   1204  4
    784  3
   2176  3
    820  3
    832  3
    868  3
    928  3
   1960  3
    964  3
   2464  3
    976  3
    904  3
    688  3
    724  3
    256  3
  21688  3
     40  3
     64  3
  14308  3
    100  3
    112  3
    136  3
    148  3
    712  3
    208  3
    244  3
    184  3
   5812  3
    424  3
    640  3
    616  3
    544  3
    532  3
   3940  3
    472  3
    280  3
   1636  3
    400  3
    352  3
   1192  2
   1216  2
   1264  2
   1360  2
   1156  2
   1120  2
   1396  2
   1108  2
   1408  2
   1432  2
   1480  2
   1072  2
   1048  2
   1300  2
 250504  2
   3328  2
   5992  2
   2500  2
  10528  2
  41524  2
   8584  2
   4480  2
   3508  2
   4912  2
   2608  2
   3544  2
    312  1
    336  1
    324  1
    320  1
   1624  1
    308  1
   5128  1
    288  1
   5776  1
    276  1
    272  1
    264  1
    260  1
    296  1
   4840  1
    344  1
    408  1
   4336  1
    468  1
    464  1
    456  1
    452  1
   4408  1
    416  1
    404  1
    240  1
   4804  1
    392  1
    384  1
    372  1
    368  1
    360  1
    356  1
   6424  1
    224  1
   6964  1
  15856  1
  12148  1
     84  1
     80  1
     72  1
     68  1
  15064  1
     56  1
     48  1
  11392  1
  18952  1
     32  1
     24  1
     20  1
      8  1
      4  1
      2  1
     96  1
    104  1
    228  1
    176  1
    488  1
    212  1
   7504  1
    200  1
    192  1
   9556  1
    180  1
    168  1
  11176  1
   9880  1
    152  1
  10024  1
    144  1
    132  1
    128  1
    116  1
    480  1
    528  1
    512  1
    944  1
    996  1
    984  1
    980  1
   2452  1
    960  1
   2512  1
    948  1
    936  1
   2416  1
   2560  1
    920  1
    912  1
 190996  1
    896  1
   2632  1
    852  1
   2440  1
   2368  1
    840  1
   1876  1
   1576  1
   1540  1
   1684  1
   1696  1
   1732  1
   1792  1
   1840  1
   1972  1
   2308  1
   2080  1
   2116  1
   2128  1
   2152  1
   2164  1
   2224  1
   2260  1
    848  1
    836  1
   3976  1
   3688  1
    648  1
   3472  1
    624  1
    612  1
    608  1
    600  1
    596  1
    576  1
    680  1
    564  1
    560  1
    552  1
   3796  1
    536  1
   3904  1
   1588  1
    672  1
    692  1
   2728  1
    768  1
   2836  1
    816  1
   2848  1
    800  1
    792  1
    788  1
   2884  1
    744  1
    696  1
    740  1
   2944  1
   2992  1
    720  1
   3256  1
    708  1
    704  1
      1  1
