2 maps: ifs_map_1.png
probs:
    [0.88984395 0.11015605]
maps:
[[[-0.91043556  0.03639535  0.05363721]
  [-0.1371923   0.81682879  0.30670304]
  [ 0.          0.          1.        ]]

 [[ 0.25641965  0.06851596  0.88185653]
  [-0.15141152 -0.70544388  0.30245044]
  [ 0.          0.          1.        ]]]


3 maps: ifs_map_2.png
probs:
    [0.23450904 0.12531587 0.6401751 ]
maps:
[[[-0.33874576 -0.00171543 -0.42038818]
  [-0.62359846  0.38561149  0.23911836]
  [ 0.          0.          1.        ]]

 [[-0.39066911  0.04922537  0.63596603]
  [ 0.15533464  0.51052594  0.49165595]
  [ 0.          0.          1.        ]]

 [[-0.47868698  0.02915705  0.97357222]
  [-0.22544873  0.64292262  0.56547079]
  [ 0.          0.          1.        ]]]


3 maps: ifs_map_3.png
probs:
    [0.38232399 0.27023033 0.34744568]
maps:
[[[ 0.77051446 -0.15308019 -0.4565936 ]
  [ 0.06454036 -0.63499591  0.4723162 ]
  [ 0.          0.          1.        ]]

 [[ 0.78843838  0.0521445   0.66928487]
  [-0.47904384 -0.05131221 -0.99834453]
  [ 0.          0.          1.        ]]

 [[ 0.91428597 -0.18053622 -0.5080789 ]
  [ 0.11977151 -0.67769667 -0.06410512]
  [ 0.          0.          1.        ]]]


4 maps: ifs_map_4.png
probs:
    [0.48742783 0.30967671 0.01969816 0.1831973 ]
maps:
[[[-0.00725611  0.84068034 -0.01058963]
  [ 0.50345102 -0.25057733  0.25844304]
  [ 0.          0.          1.        ]]

 [[-0.19121422  0.38657388 -0.84134972]
  [ 0.31611652  0.061848   -0.90039419]
  [ 0.          0.          1.        ]]

 [[ 0.0806402   0.46236479  0.00545904]
  [-0.53974738  0.05717904  0.38553329]
  [ 0.          0.          1.        ]]

 [[ 0.25478011 -0.15424439 -0.43594171]
  [ 0.54464303 -0.73886623 -0.71832613]
  [ 0.          0.          1.        ]]]


5 maps: ifs_map_5.png
probs:
    [0.36691833 0.01153257 0.32437943 0.19407022 0.10309945]
maps:
[[[ 1.19111370e-01 -5.92517278e-01 -6.12477640e-01]
  [ 5.73384883e-01  2.37558033e-01 -7.97510740e-01]
  [ 0.00000000e+00  0.00000000e+00  1.00000000e+00]]

 [[-3.10915049e-01 -2.69668573e-01  6.29933416e-03]
  [-2.36147893e-01 -5.39873162e-01  9.79459039e-01]
  [ 0.00000000e+00  0.00000000e+00  1.00000000e+00]]

 [[-7.23076845e-03  6.30744254e-01 -6.82057447e-01]
  [-5.46471490e-01  1.61958365e-01  5.62557475e-01]
  [ 0.00000000e+00  0.00000000e+00  1.00000000e+00]]

 [[-4.51931340e-01  1.13449790e-01 -6.99874548e-01]
  [ 6.25483514e-01  5.18686239e-01 -3.13379365e-01]
  [ 0.00000000e+00  0.00000000e+00  1.00000000e+00]]

 [[-6.65665170e-01 -8.21680922e-02  1.13062644e-04]
  [ 3.45448134e-01 -8.24110505e-01  9.90867192e-01]
  [ 0.00000000e+00  0.00000000e+00  1.00000000e+00]]]


